count 2
CU Z
CF Y
bn Bone
{
bt 0.0 0.0 2.5
bh 0.0 0.0 -0.0
<(1.0,0.0,-0.0,-0.0)(-0.0,-0.1736,-0.9848,0.3473)(-0.0,0.9848,-0.1736,0.0304)(0.0,0.0,0.0,1.0)>
}
{
bt 0.0 0.0 2.5
bh 0.0 0.0 -0.0
<(1.0,0.0,-0.0,-0.0)(-0.0,-0.1736,-0.9848,0.3473)(-0.0,0.9848,-0.1736,0.0304)(0.0,0.0,0.0,1.0)>
}
{
bt 0.0 0.0 2.5
bh 0.0 0.0 -0.0
<(1.0,0.0,-0.0,-0.0)(-0.0,-0.1736,-0.9848,0.3473)(-0.0,0.9848,-0.1736,0.0304)(0.0,0.0,0.0,1.0)>
}
{
bt 0.0 0.0 2.5
bh 0.0 0.0 -0.0
<(1.0,0.0,-0.0,-0.0)(-0.0,-0.1736,-0.9848,0.3473)(-0.0,0.9848,-0.1736,0.0304)(0.0,0.0,0.0,1.0)>
}
{
bt 0.0 0.0 2.5
bh 0.0 0.0 -0.0
<(1.0,0.0,-0.0,-0.0)(-0.0,-0.1736,-0.9848,0.3473)(-0.0,0.9848,-0.1736,0.0304)(0.0,0.0,0.0,1.0)>
}
{
bt 0.0 0.0 2.5
bh 0.0 0.0 -0.0
<(1.0,0.0,-0.0,-0.0)(-0.0,-0.1736,-0.9848,0.3473)(-0.0,0.9848,-0.1736,0.0304)(0.0,0.0,0.0,1.0)>
}
{
bt 0.0 0.0 2.5
bh 0.0 0.0 -0.0
<(1.0,0.0,-0.0,-0.0)(-0.0,-0.1736,-0.9848,0.3473)(-0.0,0.9848,-0.1736,0.0304)(0.0,0.0,0.0,1.0)>
}
{
bt 0.0 0.0 2.5
bh 0.0 0.0 -0.0
<(1.0,0.0,-0.0,-0.0)(-0.0,-0.1736,-0.9848,0.3473)(-0.0,0.9848,-0.1736,0.0304)(0.0,0.0,0.0,1.0)>
}
{
bt 0.0 0.0 2.5
bh 0.0 0.0 -0.0
<(1.0,0.0,-0.0,-0.0)(-0.0,-0.1736,-0.9848,0.3473)(-0.0,0.9848,-0.1736,0.0304)(0.0,0.0,0.0,1.0)>
}
{
bt 0.0 0.0 2.5
bh 0.0 0.0 -0.0
<(1.0,0.0,-0.0,-0.0)(-0.0,-0.1736,-0.9848,0.3473)(-0.0,0.9848,-0.1736,0.0304)(0.0,0.0,0.0,1.0)>
}
{
bt 0.0 0.0 2.5
bh 0.0 0.0 -0.0
<(1.0,0.0,-0.0,-0.0)(-0.0,-0.2402,-0.9707,0.3473)(-0.0,0.9707,-0.2402,0.0304)(0.0,0.0,0.0,1.0)>
}
{
bt 0.0 0.0 2.5
bh 0.0 0.0 -0.0
<(1.0,0.0,-0.0,-0.0)(-0.0,-0.421,-0.9071,0.3473)(-0.0,0.9071,-0.421,0.0304)(0.0,0.0,0.0,1.0)>
}
{
bt 0.0 0.0 2.5
bh 0.0 0.0 -0.0
<(1.0,0.0,-0.0,-0.0)(-0.0,-0.6288,-0.7776,0.3473)(-0.0,0.7776,-0.6288,0.0304)(0.0,0.0,0.0,1.0)>
}
{
bt 0.0 0.0 2.5
bh 0.0 0.0 -0.0
<(1.0,-0.0,-0.0,-0.0)(-0.0,-0.7671,-0.6415,0.3473)(-0.0,0.6415,-0.7671,0.0304)(0.0,0.0,0.0,1.0)>
}
{
bt 0.0 0.0 2.5
bh 0.0 0.0 -0.0
<(1.0,0.0,-0.0,-0.0)(0.0,-0.8192,-0.5736,0.3473)(-0.0,0.5736,-0.8192,0.0304)(0.0,0.0,0.0,1.0)>
}
{
bt 0.0 0.0 2.5
bh 0.0 0.0 -0.0
<(0.9913,-0.0744,0.1086,-0.0)(-0.0013,-0.8304,-0.5571,0.3473)(0.1316,0.5522,-0.8233,0.0304)(0.0,0.0,0.0,1.0)>
}
{
bt 0.0 0.0 2.5
bh 0.0 0.0 -0.0
<(0.8597,-0.2875,0.4221,-0.0)(-0.0066,-0.8327,-0.5538,0.3473)(0.5107,0.4733,-0.7178,0.0304)(0.0,0.0,0.0,1.0)>
}
{
bt 0.0 0.0 2.5
bh 0.0 0.0 -0.0
<(0.4808,-0.4963,0.7228,-0.0)(-0.008,-0.8268,-0.5624,0.3473)(0.8768,0.2646,-0.4015,0.0304)(0.0,0.0,0.0,1.0)>
}
{
bt 0.0 0.0 2.5
bh 0.0 0.0 -0.0
<(0.1216,-0.5669,0.8147,-0.0)(-0.0029,-0.821,-0.5709,0.3473)(0.9926,0.067,-0.1015,0.0304)(0.0,0.0,0.0,1.0)>
}
{
bt 0.0 0.0 2.5
bh 0.0 0.0 -0.0
<(-0.0,-0.5736,0.8192,-0.0)(0.0,-0.8192,-0.5736,0.3473)(1.0,0.0,0.0,0.0304)(0.0,0.0,0.0,1.0)>
}
{
bt 0.0 0.0 2.5
bh 0.0 0.0 -0.0
<(-0.0,-0.5736,0.8192,-0.0)(0.0,-0.8192,-0.5736,0.3473)(1.0,0.0,0.0,0.0304)(0.0,0.0,0.0,1.0)>
}
{
bt 0.0 0.0 2.5
bh 0.0 0.0 -0.0
<(-0.0,-0.5736,0.8192,-0.0)(0.0,-0.8192,-0.5736,0.3473)(1.0,0.0,0.0,0.0304)(0.0,0.0,0.0,1.0)>
}
{
bt 0.0 0.0 2.5
bh 0.0 0.0 -0.0
<(-0.0,-0.5736,0.8192,-0.0)(0.0,-0.8192,-0.5736,0.3473)(1.0,0.0,0.0,0.0304)(0.0,0.0,0.0,1.0)>
}
{
bt 0.0 0.0 2.5
bh 0.0 0.0 -0.0
<(-0.0,-0.5736,0.8192,-0.0)(0.0,-0.8192,-0.5736,0.3473)(1.0,0.0,0.0,0.0304)(0.0,0.0,0.0,1.0)>
}
{
bt 0.0 0.0 2.5
bh 0.0 0.0 -0.0
<(-0.0,-0.5736,0.8192,-0.0)(0.0,-0.8192,-0.5736,0.3473)(1.0,0.0,0.0,0.0304)(0.0,0.0,0.0,1.0)>
}
{
bt 0.0 0.0 2.5
bh 0.0 0.0 -0.0
<(-0.0013,-0.6525,0.7578,-0.0)(0.0007,-0.7578,-0.6525,0.3473)(1.0,-0.0003,0.0014,0.0304)(0.0,0.0,0.0,1.0)>
}
{
bt 0.0 0.0 2.5
bh 0.0 0.0 -0.0
<(-0.004,-0.8574,0.5146,-0.0)(0.0032,-0.5147,-0.8574,0.3473)(1.0,-0.0018,0.0048,0.0304)(0.0,0.0,0.0,1.0)>
}
{
bt 0.0 0.0 2.5
bh 0.0 0.0 -0.0
<(-0.005,-0.9989,0.0462,-0.0)(0.0065,-0.0462,-0.9989,0.3473)(1.0,-0.0047,0.0067,0.0304)(0.0,0.0,0.0,1.0)>
}
{
bt 0.0 0.0 2.5
bh 0.0 0.0 -0.0
<(-0.0027,-0.9039,-0.4278,-0.0)(0.0061,0.4278,-0.9039,0.3473)(1.0,-0.005,0.0044,0.0304)(0.0,0.0,0.0,1.0)>
}
{
bt 0.0 0.0 2.5
bh 0.0 0.0 -0.0
<(-0.0,-0.7071,-0.7071,-0.0)(0.0,0.7071,-0.7071,0.3473)(1.0,-0.0,0.0,0.0304)(0.0,0.0,0.0,1.0)>
}
{
bt 0.0 0.0 2.5
bh 0.0 0.0 -0.0
<(0.0005,-0.4576,-0.8892,-0.0)(-0.0062,0.8892,-0.4576,0.3473)(1.0,0.0058,-0.0024,0.0304)(0.0,0.0,0.0,1.0)>
}
{
bt 0.0 0.0 2.5
bh 0.0 0.0 -0.0
<(-0.0009,-0.068,-0.9977,-0.0)(-0.0074,0.9977,-0.068,0.3473)(1.0,0.0074,-0.0014,0.0304)(0.0,0.0,0.0,1.0)>
}
{
bt 0.0 0.0 2.5
bh 0.0 0.0 -0.0
<(-0.0016,0.3579,-0.9338,-0.0)(-0.0046,0.9338,0.3579,0.3473)(1.0,0.0049,0.0002,0.0304)(0.0,0.0,0.0,1.0)>
}
{
bt 0.0 0.0 2.5
bh 0.0 0.0 -0.0
<(-0.0007,0.6281,-0.7781,-0.0)(-0.0013,0.7781,0.6281,0.3473)(1.0,0.0014,0.0003,0.0304)(0.0,0.0,0.0,1.0)>
}
{
bt 0.0 0.0 2.5
bh 0.0 0.0 -0.0
<(-0.0,0.7071,-0.7071,-0.0)(0.0,0.7071,0.7071,0.3473)(1.0,-0.0,-0.0,0.0304)(0.0,0.0,0.0,1.0)>
}
{
bt 0.0 0.0 2.5
bh 0.0 0.0 -0.0
<(-0.0,0.7071,-0.7071,-0.0)(0.0,0.7071,0.7071,0.3473)(1.0,-0.0,-0.0,0.0304)(0.0,0.0,0.0,1.0)>
}
{
bt 0.0 0.0 2.5
bh 0.0 0.0 -0.0
<(-0.0,0.7071,-0.7071,-0.0)(0.0,0.7071,0.7071,0.3473)(1.0,-0.0,-0.0,0.0304)(0.0,0.0,0.0,1.0)>
}
{
bt 0.0 0.0 2.5
bh 0.0 0.0 -0.0
<(-0.0,0.7071,-0.7071,-0.0)(0.0,0.7071,0.7071,0.3473)(1.0,-0.0,-0.0,0.0304)(0.0,0.0,0.0,1.0)>
}
{
bt 0.0 0.0 2.5
bh 0.0 0.0 -0.0
<(-0.0,0.7071,-0.7071,-0.0)(0.0,0.7071,0.7071,0.3473)(1.0,-0.0,-0.0,0.0304)(0.0,0.0,0.0,1.0)>
}
{
bt 0.0 0.0 2.5
bh 0.0 0.0 -0.0
<(-0.0,0.7071,-0.7071,-0.0)(0.0,0.7071,0.7071,0.3473)(1.0,-0.0,-0.0,0.0304)(0.0,0.0,0.0,1.0)>
}
{
bt 0.0 0.0 2.5
bh 0.0 0.0 -0.0
<(0.0119,0.7818,-0.6234,-0.0)(-0.0148,0.6236,0.7816,0.3473)(0.9998,-0.0001,0.019,0.0304)(0.0,0.0,0.0,1.0)>
}
{
bt 0.0 0.0 2.5
bh 0.0 0.0 -0.0
<(0.0324,0.9465,-0.3211,-0.0)(-0.0586,0.3225,0.9448,0.3473)(0.9978,-0.0118,0.0659,0.0304)(0.0,0.0,0.0,1.0)>
}
{
bt 0.0 0.0 2.5
bh 0.0 0.0 -0.0
<(0.027,0.9862,0.1635,-0.0)(-0.1014,-0.16,0.9819,0.3473)(0.9945,-0.0431,0.0957,0.0304)(0.0,0.0,0.0,1.0)>
}
{
bt 0.0 0.0 2.5
bh 0.0 0.0 -0.0
<(0.0046,0.8386,0.5448,-0.0)(-0.0853,-0.5425,0.8357,0.3473)(0.9963,-0.0503,0.069,0.0304)(0.0,0.0,0.0,1.0)>
}
{
bt 0.0 0.0 2.5
bh 0.0 0.0 -0.0
<(-0.0,0.7071,0.7071,-0.0)(0.0,-0.7071,0.7071,0.3473)(1.0,0.0,-0.0,0.0304)(0.0,0.0,0.0,1.0)>
}
{
bt 0.0 0.0 2.5
bh 0.0 0.0 -0.0
<(-0.0162,0.6702,0.742,-0.0)(0.2017,-0.7246,0.659,0.3473)(0.9793,0.1603,-0.1235,0.0304)(0.0,0.0,0.0,1.0)>
}
{
bt 0.0 0.0 2.5
bh 0.0 0.0 -0.0
<(-0.095,0.6948,0.7129,-0.0)(0.553,-0.5586,0.6181,0.3473)(0.8277,0.453,-0.3312,0.0304)(0.0,0.0,0.0,1.0)>
}
{
bt 0.0 0.0 2.5
bh 0.0 0.0 -0.0
<(-0.2359,0.7082,0.6654,-0.0)(0.8513,-0.1796,0.4929,0.3473)(0.4686,0.6828,-0.5605,0.0304)(0.0,0.0,0.0,1.0)>
}
{
bt 0.0 0.0 2.5
bh 0.0 0.0 -0.0
<(-0.3392,0.6796,0.6504,-0.0)(0.932,0.1491,0.3302,0.3473)(0.1274,0.7182,-0.684,0.0304)(0.0,0.0,0.0,1.0)>
}
bn Bone.001
{
bt 0.0 0.0 2.5
bh 0.0 0.0 -0.0
<(1.0,-0.0,-0.0,-0.0)(-0.0,-0.9393,0.3431,-1.9696)(-0.0,-0.3431,-0.9393,0.6527)(0.0,0.0,0.0,1.0)>
}
{
bt 0.0 0.0 2.5
bh 0.0 0.0 -0.0
<(1.0,-0.0,0.0,-0.0)(-0.0,-0.586,0.8103,-1.9696)(-0.0,-0.8103,-0.586,0.6527)(0.0,0.0,0.0,1.0)>
}
{
bt 0.0 0.0 2.5
bh 0.0 0.0 -0.0
<(1.0,-0.0,0.0,-0.0)(-0.0,0.2426,0.9701,-1.9696)(-0.0,-0.9701,0.2426,0.6527)(0.0,0.0,0.0,1.0)>
}
{
bt 0.0 0.0 2.5
bh 0.0 0.0 -0.0
<(1.0,-0.0,0.0,-0.0)(-0.0,0.7443,0.6678,-1.9696)(-0.0,-0.6678,0.7443,0.6527)(0.0,0.0,0.0,1.0)>
}
{
bt 0.0 0.0 2.5
bh 0.0 0.0 -0.0
<(1.0,0.0,-0.0,-0.0)(-0.0,0.8496,0.5275,-1.9696)(0.0,-0.5275,0.8496,0.6527)(0.0,0.0,0.0,1.0)>
}
{
bt 0.0 0.0 2.5
bh 0.0 0.0 -0.0
<(1.0,0.0,-0.0,-0.0)(-0.0,0.8088,0.5881,-1.9696)(0.0,-0.5881,0.8088,0.6527)(0.0,0.0,0.0,1.0)>
}
{
bt 0.0 0.0 2.5
bh 0.0 0.0 -0.0
<(1.0,0.0,-0.0,-0.0)(-0.0,0.6682,0.744,-1.9696)(0.0,-0.744,0.6682,0.6527)(0.0,0.0,0.0,1.0)>
}
{
bt 0.0 0.0 2.5
bh 0.0 0.0 -0.0
<(1.0,0.0,-0.0,-0.0)(-0.0,0.4421,0.897,-1.9696)(0.0,-0.897,0.4421,0.6527)(0.0,0.0,0.0,1.0)>
}
{
bt 0.0 0.0 2.5
bh 0.0 0.0 -0.0
<(1.0,0.0,-0.0,-0.0)(-0.0,0.2451,0.9695,-1.9696)(0.0,-0.9695,0.2451,0.6527)(0.0,0.0,0.0,1.0)>
}
{
bt 0.0 0.0 2.5
bh 0.0 0.0 -0.0
<(1.0,0.0,-0.0,-0.0)(0.0,0.1736,0.9848,-1.9696)(0.0,-0.9848,0.1736,0.6527)(0.0,0.0,0.0,1.0)>
}
{
bt 0.0 0.0 2.5
bh 0.0 0.0 -0.0
<(1.0,0.0,-0.0,-0.0)(-0.0,0.2402,0.9707,-1.9187)(0.0,-0.9707,0.2402,0.5264)(0.0,0.0,0.0,1.0)>
}
{
bt 0.0 0.0 2.5
bh 0.0 0.0 -0.0
<(1.0,0.0,-0.0,-0.0)(-0.0,0.421,0.9071,-1.7306)(0.0,-0.9071,0.421,0.1926)(0.0,0.0,0.0,1.0)>
}
{
bt 0.0 0.0 2.5
bh 0.0 0.0 -0.0
<(1.0,0.0,-0.0,-0.0)(-0.0,0.6288,0.7776,-1.4034)(0.0,-0.7776,0.6288,-0.1717)(0.0,0.0,0.0,1.0)>
}
{
bt 0.0 0.0 2.5
bh 0.0 0.0 -0.0
<(1.0,0.0,-0.0,-0.0)(-0.0,0.7671,0.6415,-1.0874)(0.0,-0.6415,0.7671,-0.397)(0.0,0.0,0.0,1.0)>
}
{
bt 0.0 0.0 2.5
bh 0.0 0.0 -0.0
<(1.0,0.0,-0.0,0.0)(-0.0,0.8192,0.5736,-0.9355)(0.0,-0.5736,0.8192,-0.4759)(0.0,0.0,0.0,1.0)>
}
{
bt 0.0 0.0 2.5
bh 0.0 0.0 -0.0
<(0.9913,0.094,0.0921,-0.1488)(-0.1294,0.8244,0.5511,-0.8894)(-0.0241,-0.5582,0.8293,-0.4906)(0.0,0.0,0.0,1.0)>
}
{
bt 0.0 0.0 2.5
bh 0.0 0.0 -0.0
<(0.8597,0.3658,0.3565,-0.5751)(-0.5018,0.735,0.4561,-0.7333)(-0.0952,-0.571,0.8154,-0.4676)(0.0,0.0,0.0,1.0)>
}
{
bt 0.0 0.0 2.5
bh 0.0 0.0 -0.0
<(0.4808,0.6257,0.6143,-0.9926)(-0.8621,0.4653,0.2008,-0.3242)(-0.1602,-0.6261,0.7631,-0.3837)(0.0,0.0,0.0,1.0)>
}
{
bt 0.0 0.0 2.5
bh 0.0 0.0 -0.0
<(0.1216,0.7039,0.6998,-1.1339)(-0.977,0.2093,-0.0408,0.0629)(-0.1752,-0.6787,0.7132,-0.3037)(0.0,0.0,0.0,1.0)>
}
{
bt 0.0 0.0 2.5
bh 0.0 0.0 -0.0
<(-0.0,0.7071,0.7071,-1.1472)(-0.9848,0.1228,-0.1228,0.1943)(-0.1736,-0.6964,0.6964,-0.2767)(0.0,0.0,0.0,1.0)>
}
{
bt 0.0 0.0 2.5
bh 0.0 0.0 -0.0
<(-0.1285,0.7012,0.7012,-1.1472)(-0.9766,0.0333,-0.2123,0.1943)(-0.1722,-0.7121,0.6806,-0.2767)(0.0,0.0,0.0,1.0)>
}
{
bt 0.0 0.0 2.5
bh 0.0 0.0 -0.0
<(-0.4974,0.6134,0.6134,-1.1472)(-0.8543,-0.2236,-0.4692,0.1943)(-0.1506,-0.7574,0.6353,-0.2767)(0.0,0.0,0.0,1.0)>
}
{
bt 0.0 0.0 2.5
bh 0.0 0.0 -0.0
<(-0.8675,0.3517,0.3517,-1.1472)(-0.4899,-0.4813,-0.7269,0.1943)(-0.0864,-0.8029,0.5898,-0.2767)(0.0,0.0,0.0,1.0)>
}
{
bt 0.0 0.0 2.5
bh 0.0 0.0 -0.0
<(-0.9917,0.0909,0.0909,-1.1472)(-0.1266,-0.5678,-0.8134,0.1943)(-0.0223,-0.8181,0.5746,-0.2767)(0.0,0.0,0.0,1.0)>
}
{
bt 0.0 0.0 2.5
bh 0.0 0.0 -0.0
<(-1.0,-0.0,-0.0,-1.1472)(0.0,-0.5736,-0.8192,0.1943)(-0.0,-0.8192,0.5736,-0.2767)(0.0,0.0,0.0,1.0)>
}
{
bt 0.0 0.0 2.5
bh 0.0 0.0 -0.0
<(-0.995,-0.0715,0.0697,-1.3049)(-0.016,-0.5747,-0.8182,0.1735)(0.0985,-0.8153,0.5707,-0.1558)(0.0,0.0,0.0,1.0)>
}
{
bt 0.0 0.0 2.5
bh 0.0 0.0 -0.0
<(-0.9134,-0.2908,0.285,-1.7148)(-0.0658,-0.5855,-0.808,0.0921)(0.4018,-0.7568,0.5156,0.3237)(0.0,0.0,0.0,1.0)>
}
{
bt 0.0 0.0 2.5
bh 0.0 0.0 -0.0
<(-0.6108,-0.5634,0.5563,-1.9978)(-0.1294,-0.6221,-0.7721,-0.0649)(0.7811,-0.5436,0.3071,1.2473)(0.0,0.0,0.0,1.0)>
}
{
bt 0.0 0.0 2.5
bh 0.0 0.0 -0.0
<(-0.168,-0.699,0.6952,-1.8077)(-0.1648,-0.6753,-0.7189,-0.2289)(0.9719,-0.2353,-0.0017,2.1811)(0.0,0.0,0.0,1.0)>
}
{
bt 0.0 0.0 2.5
bh 0.0 0.0 -0.0
<(0.1736,-0.6964,0.6964,-1.4142)(-0.171,-0.7177,-0.675,-0.3358)(0.9698,-0.0019,-0.2437,2.7295)(0.0,0.0,0.0,1.0)>
}
{
bt 0.0 0.0 2.5
bh 0.0 0.0 -0.0
<(0.4659,-0.6253,0.6261,-0.9151)(-0.1588,-0.7551,-0.636,-0.4104)(0.8705,0.1969,-0.4511,3.086)(0.0,0.0,0.0,1.0)>
}
{
bt 0.0 0.0 2.5
bh 0.0 0.0 -0.0
<(0.7782,-0.4447,0.4434,-0.136)(-0.1143,-0.7946,-0.5962,-0.4512)(0.6175,0.4133,-0.6692,3.2992)(0.0,0.0,0.0,1.0)>
}
{
bt 0.0 0.0 2.5
bh 0.0 0.0 -0.0
<(0.9702,-0.1726,0.1703,0.7157)(-0.0447,-0.8178,-0.5738,-0.4241)(0.2383,0.5491,-0.8011,3.1742)(0.0,0.0,0.0,1.0)>
}
{
bt 0.0 0.0 2.5
bh 0.0 0.0 -0.0
<(0.9977,0.0478,-0.0487,1.2563)(0.0113,-0.8196,-0.5728,-0.3632)(-0.0673,0.5709,-0.8182,2.8688)(0.0,0.0,0.0,1.0)>
}
{
bt 0.0 0.0 2.5
bh 0.0 0.0 -0.0
<(0.9848,0.1228,-0.1228,1.4142)(0.0302,-0.8173,-0.5754,-0.3358)(-0.171,0.563,-0.8086,2.7295)(0.0,0.0,0.0,1.0)>
}
{
bt 0.0 0.0 2.5
bh 0.0 0.0 -0.0
<(0.9766,0.2127,-0.0309,1.4142)(0.1548,-0.796,-0.5852,-0.3358)(-0.149,0.5668,-0.8103,2.7295)(0.0,0.0,0.0,1.0)>
}
{
bt 0.0 0.0 2.5
bh 0.0 0.0 -0.0
<(0.8543,0.4583,0.2452,1.4142)(0.5126,-0.6649,-0.5433,-0.3358)(-0.0859,0.5899,-0.8029,2.7295)(0.0,0.0,0.0,1.0)>
}
{
bt 0.0 0.0 2.5
bh 0.0 0.0 -0.0
<(0.4899,0.6745,0.5523,1.4142)(0.8715,-0.3624,-0.3304,-0.3358)(-0.0227,0.6432,-0.7654,2.7295)(0.0,0.0,0.0,1.0)>
}
{
bt 0.0 0.0 2.5
bh 0.0 0.0 -0.0
<(0.1266,0.717,0.6855,1.4142)(0.992,-0.0905,-0.0885,-0.3358)(-0.0014,0.6911,-0.7227,2.7295)(0.0,0.0,0.0,1.0)>
}
{
bt 0.0 0.0 2.5
bh 0.0 0.0 -0.0
<(0.0,0.7071,0.7071,1.4142)(1.0,0.0,-0.0,-0.3358)(-0.0,0.7071,-0.7071,2.7295)(0.0,0.0,0.0,1.0)>
}
{
bt 0.0 0.0 2.5
bh 0.0 0.0 -0.0
<(-0.0312,0.7791,0.6261,1.5635)(0.9994,0.0144,0.0319,-0.3066)(0.0158,0.6267,-0.7791,2.565)(0.0,0.0,0.0,1.0)>
}
{
bt 0.0 0.0 2.5
bh 0.0 0.0 -0.0
<(-0.1087,0.9378,0.3298,1.893)(0.9912,0.0771,0.1075,-0.1789)(0.0754,0.3386,-0.9379,1.976)(0.0,0.0,0.0,1.0)>
}
{
bt 0.0 0.0 2.5
bh 0.0 0.0 -0.0
<(-0.1678,0.9741,-0.1515,1.9723)(0.971,0.1898,0.1452,0.0502)(0.1702,-0.1227,-0.9777,1.0365)(0.0,0.0,0.0,1.0)>
}
{
bt 0.0 0.0 2.5
bh 0.0 0.0 -0.0
<(-0.1744,0.8275,-0.5337,1.6772)(0.9602,0.2629,0.0939,0.1972)(0.218,-0.4961,-0.8404,0.2858)(0.0,0.0,0.0,1.0)>
}
{
bt 0.0 0.0 2.5
bh 0.0 0.0 -0.0
<(-0.1736,0.6964,-0.6964,1.4142)(0.9698,0.2437,0.0019,0.1553)(0.171,-0.675,-0.7177,-0.056)(0.0,0.0,0.0,1.0)>
}
{
bt 0.0 0.0 2.5
bh 0.0 0.0 -0.0
<(-0.1773,0.663,-0.7273,1.3405)(0.9805,0.0554,-0.1886,-0.1544)(-0.0848,-0.7465,-0.6599,-0.1462)(0.0,0.0,0.0,1.0)>
}
{
bt 0.0 0.0 2.5
bh 0.0 0.0 -0.0
<(-0.1397,0.6926,-0.7076,1.3896)(0.7714,-0.3719,-0.5163,-0.7884)(-0.6208,-0.618,-0.4823,0.0791)(0.0,0.0,0.0,1.0)>
}
{
bt 0.0 0.0 2.5
bh 0.0 0.0 -0.0
<(-0.0326,0.6737,-0.7383,1.4164)(0.1262,-0.73,-0.6717,-1.3727)(-0.9915,-0.1151,-0.0612,0.7459)(0.0,0.0,0.0,1.0)>
}
{
bt 0.0 0.0 2.5
bh 0.0 0.0 -0.0
<(0.0185,0.5631,-0.8262,1.3592)(-0.4873,-0.7165,-0.4992,-1.5567)(-0.873,0.4118,0.2611,1.381)(0.0,0.0,0.0,1.0)>
}
