count 2
an Armature
CU Y
CF X
na 55
bn Bone
{
bt 0.0 2.5 0.0
bh 0.0 -0.0 0.0
loc 0.0000 0.0000 0.0000
rotq 1.0000 0.0000 0.0000 0.0000
sca 1.0000 1.0000 1.0000
<(1.0000,0.0000,-0.0000,-0.0000)(-0.0000,-0.1736,-0.9848,0.1736)(-0.0000,0.9848,-0.1736,0.0152)(0.0000,0.0000,0.0000,1.0000)>
}
{
bt 0.0 2.5 0.0
bh 0.0 -0.0 0.0
loc 0.0000 0.0000 0.0000
rotq 1.0000 0.0000 0.0000 0.0000
sca 1.0000 1.0000 1.0000
<(1.0000,0.0000,-0.0000,-0.0000)(-0.0000,-0.1736,-0.9848,0.1736)(-0.0000,0.9848,-0.1736,0.0152)(0.0000,0.0000,0.0000,1.0000)>
}
{
bt 0.0 2.5 0.0
bh 0.0 -0.0 0.0
loc 0.0000 0.0000 0.0000
rotq 1.0000 0.0000 0.0000 0.0000
sca 1.0000 1.0000 1.0000
<(1.0000,0.0000,-0.0000,-0.0000)(-0.0000,-0.1736,-0.9848,0.1736)(-0.0000,0.9848,-0.1736,0.0152)(0.0000,0.0000,0.0000,1.0000)>
}
{
bt 0.0 2.5 0.0
bh 0.0 -0.0 0.0
loc 0.0000 0.0000 0.0000
rotq 1.0000 0.0000 0.0000 0.0000
sca 1.0000 1.0000 1.0000
<(1.0000,0.0000,-0.0000,-0.0000)(-0.0000,-0.1736,-0.9848,0.1736)(-0.0000,0.9848,-0.1736,0.0152)(0.0000,0.0000,0.0000,1.0000)>
}
{
bt 0.0 2.5 0.0
bh 0.0 -0.0 0.0
loc 0.0000 0.0000 0.0000
rotq 1.0000 0.0000 0.0000 0.0000
sca 1.0000 1.0000 1.0000
<(1.0000,0.0000,-0.0000,-0.0000)(-0.0000,-0.1736,-0.9848,0.1736)(-0.0000,0.9848,-0.1736,0.0152)(0.0000,0.0000,0.0000,1.0000)>
}
{
bt 0.0 2.5 0.0
bh 0.0 -0.0 0.0
loc 0.0000 0.0000 0.0000
rotq 1.0000 0.0000 0.0000 0.0000
sca 1.0000 1.0000 1.0000
<(1.0000,0.0000,-0.0000,-0.0000)(-0.0000,-0.1736,-0.9848,0.1736)(-0.0000,0.9848,-0.1736,0.0152)(0.0000,0.0000,0.0000,1.0000)>
}
{
bt 0.0 2.5 0.0
bh 0.0 -0.0 0.0
loc 0.0000 0.0000 0.0000
rotq 1.0000 0.0000 0.0000 0.0000
sca 1.0000 1.0000 1.0000
<(1.0000,0.0000,-0.0000,-0.0000)(-0.0000,-0.1736,-0.9848,0.1736)(-0.0000,0.9848,-0.1736,0.0152)(0.0000,0.0000,0.0000,1.0000)>
}
{
bt 0.0 2.5 0.0
bh 0.0 -0.0 0.0
loc 0.0000 0.0000 0.0000
rotq 1.0000 0.0000 0.0000 0.0000
sca 1.0000 1.0000 1.0000
<(1.0000,0.0000,-0.0000,-0.0000)(-0.0000,-0.1736,-0.9848,0.1736)(-0.0000,0.9848,-0.1736,0.0152)(0.0000,0.0000,0.0000,1.0000)>
}
{
bt 0.0 2.5 0.0
bh 0.0 -0.0 0.0
loc 0.0000 0.0000 0.0000
rotq 1.0000 0.0000 0.0000 0.0000
sca 1.0000 1.0000 1.0000
<(1.0000,0.0000,-0.0000,-0.0000)(-0.0000,-0.1736,-0.9848,0.1736)(-0.0000,0.9848,-0.1736,0.0152)(0.0000,0.0000,0.0000,1.0000)>
}
{
bt 0.0 2.5 0.0
bh 0.0 -0.0 0.0
loc 0.0000 0.0000 0.0000
rotq 1.0000 0.0000 0.0000 0.0000
sca 1.0000 1.0000 1.0000
<(1.0000,0.0000,-0.0000,-0.0000)(-0.0000,-0.1736,-0.9848,0.1736)(-0.0000,0.9848,-0.1736,0.0152)(0.0000,0.0000,0.0000,1.0000)>
}
{
bt 0.0 2.5 0.0
bh 0.0 -0.0 0.0
loc 0.0000 0.0000 0.0000
rotq 0.9988 0.0340 0.0000 0.0000
sca 1.0000 1.0000 1.0000
<(1.0000,0.0000,-0.0000,-0.0000)(-0.0000,-0.2402,-0.9707,0.1736)(-0.0000,0.9707,-0.2402,0.0152)(0.0000,0.0000,0.0000,1.0000)>
}
{
bt 0.0 2.5 0.0
bh 0.0 -0.0 0.0
loc 0.0000 0.0000 0.0000
rotq 0.9931 0.1298 0.0000 0.0000
sca 1.0000 1.0000 1.0000
<(1.0000,0.0000,-0.0000,-0.0000)(-0.0000,-0.4210,-0.9071,0.1736)(-0.0000,0.9071,-0.4210,0.0152)(0.0000,0.0000,0.0000,1.0000)>
}
{
bt 0.0 2.5 0.0
bh 0.0 -0.0 0.0
loc 0.0000 0.0000 0.0000
rotq 0.9791 0.2529 0.0000 0.0000
sca 1.0000 1.0000 1.0000
<(1.0000,0.0000,-0.0000,-0.0000)(-0.0000,-0.6288,-0.7776,0.1736)(-0.0000,0.7776,-0.6288,0.0152)(0.0000,0.0000,0.0000,1.0000)>
}
{
bt 0.0 2.5 0.0
bh 0.0 -0.0 0.0
loc 0.0000 0.0000 0.0000
rotq 0.9555 0.3487 0.0000 0.0000
sca 1.0000 1.0000 1.0000
<(1.0000,-0.0000,-0.0000,-0.0000)(-0.0000,-0.7671,-0.6415,0.1736)(-0.0000,0.6415,-0.7671,0.0152)(0.0000,0.0000,0.0000,1.0000)>
}
{
bt 0.0 2.5 0.0
bh 0.0 -0.0 0.0
loc 0.0000 0.0000 0.0000
rotq 0.9239 0.3827 0.0000 -0.0000
sca 1.0000 1.0000 1.0000
<(1.0000,0.0000,-0.0000,-0.0000)(0.0000,-0.8192,-0.5736,0.1736)(-0.0000,0.5736,-0.8192,0.0152)(0.0000,0.0000,0.0000,1.0000)>
}
{
bt 0.0 2.5 0.0
bh 0.0 -0.0 0.0
loc -0.0991 0.0000 0.0000
rotq 0.8750 0.3727 0.0338 0.0530
sca 1.0000 1.0000 1.0000
<(0.9913,-0.0744,0.1086,-0.0991)(-0.0013,-0.8304,-0.5571,0.1736)(0.1316,0.5522,-0.8233,0.0152)(0.0000,0.0000,0.0000,1.0000)>
}
{
bt 0.0 2.5 0.0
bh 0.0 -0.0 0.0
loc -0.3784 0.0000 0.0000
rotq 0.8026 0.3447 0.1289 0.2023
sca 1.0000 1.0000 1.0000
<(0.8597,-0.2875,0.4221,-0.3784)(-0.0066,-0.8327,-0.5538,0.1736)(0.5107,0.4733,-0.7178,0.0152)(0.0000,0.0000,0.0000,1.0000)>
}
{
bt 0.0 2.5 0.0
bh 0.0 -0.0 0.0
loc -0.7369 0.0000 0.0000
rotq 0.7262 0.3086 0.2510 0.3940
sca 1.0000 1.0000 1.0000
<(0.4808,-0.4963,0.7228,-0.7369)(-0.0080,-0.8268,-0.5624,0.1736)(0.8768,0.2646,-0.4015,0.0152)(0.0000,0.0000,0.0000,1.0000)>
}
{
bt 0.0 2.5 0.0
bh 0.0 -0.0 0.0
loc -1.0161 0.0000 0.0000
rotq 0.6717 0.2806 0.3462 0.5434
sca 1.0000 1.0000 1.0000
<(0.1216,-0.5669,0.8147,-1.0161)(-0.0029,-0.8210,-0.5709,0.1736)(0.9926,0.0670,-0.1015,0.0152)(0.0000,0.0000,0.0000,1.0000)>
}
{
bt 0.0 2.5 0.0
bh 0.0 -0.0 0.0
loc -1.1153 -0.0000 0.0000
rotq 0.6533 0.2706 0.3799 0.5964
sca 1.0000 1.0000 1.0000
<(-0.0000,-0.5736,0.8192,-1.1153)(0.0000,-0.8192,-0.5736,0.1736)(1.0000,0.0000,0.0000,0.0152)(0.0000,0.0000,0.0000,1.0000)>
}
{
bt 0.0 2.5 0.0
bh 0.0 -0.0 0.0
loc -1.0161 -0.0000 0.0000
rotq 0.6533 0.2706 0.3799 0.5964
sca 1.0000 1.0000 1.0000
<(-0.0000,-0.5736,0.8192,-1.0161)(0.0000,-0.8192,-0.5736,0.1736)(1.0000,0.0000,0.0000,0.0152)(0.0000,0.0000,0.0000,1.0000)>
}
{
bt 0.0 2.5 0.0
bh 0.0 -0.0 0.0
loc -0.7369 -0.0000 0.0000
rotq 0.6533 0.2706 0.3799 0.5964
sca 1.0000 1.0000 1.0000
<(-0.0000,-0.5736,0.8192,-0.7369)(0.0000,-0.8192,-0.5736,0.1736)(1.0000,0.0000,0.0000,0.0152)(0.0000,0.0000,0.0000,1.0000)>
}
{
bt 0.0 2.5 0.0
bh 0.0 -0.0 0.0
loc -0.3784 -0.0000 0.0000
rotq 0.6533 0.2706 0.3799 0.5964
sca 1.0000 1.0000 1.0000
<(-0.0000,-0.5736,0.8192,-0.3784)(0.0000,-0.8192,-0.5736,0.1736)(1.0000,0.0000,0.0000,0.0152)(0.0000,0.0000,0.0000,1.0000)>
}
{
bt 0.0 2.5 0.0
bh 0.0 -0.0 0.0
loc -0.0991 -0.0000 0.0000
rotq 0.6533 0.2706 0.3799 0.5964
sca 1.0000 1.0000 1.0000
<(-0.0000,-0.5736,0.8192,-0.0991)(0.0000,-0.8192,-0.5736,0.1736)(1.0000,0.0000,0.0000,0.0152)(0.0000,0.0000,0.0000,1.0000)>
}
{
bt 0.0 2.5 0.0
bh 0.0 -0.0 0.0
loc 0.0000 0.0000 0.0000
rotq 0.6533 0.2706 0.3799 0.5964
sca 1.0000 1.0000 1.0000
<(-0.0000,-0.5736,0.8192,-0.0000)(0.0000,-0.8192,-0.5736,0.1736)(1.0000,0.0000,0.0000,0.0152)(0.0000,0.0000,0.0000,1.0000)>
}
{
bt 0.0 2.5 0.0
bh 0.0 -0.0 0.0
loc 0.0000 0.0000 0.0000
rotq 0.6531 0.2328 0.3435 0.6033
sca 1.0000 1.0000 1.0000
<(-0.0013,-0.6525,0.7578,-0.0000)(0.0007,-0.7578,-0.6525,0.1736)(1.0000,-0.0003,0.0014,0.0152)(0.0000,0.0000,0.0000,1.0000)>
}
{
bt 0.0 2.5 0.0
bh 0.0 -0.0 0.0
loc 0.0000 0.0000 0.0000
rotq 0.6517 0.1196 0.2338 0.6228
sca 1.0000 1.0000 1.0000
<(-0.0040,-0.8574,0.5146,-0.0000)(0.0032,-0.5147,-0.8574,0.1736)(1.0000,-0.0018,0.0048,0.0152)(0.0000,0.0000,0.0000,1.0000)>
}
{
bt 0.0 2.5 0.0
bh 0.0 -0.0 0.0
loc 0.0000 0.0000 0.0000
rotq 0.6474 -0.0437 0.0739 0.6479
sca 1.0000 1.0000 1.0000
<(-0.0050,-0.9989,0.0462,-0.0000)(0.0065,-0.0462,-0.9989,0.1736)(1.0000,-0.0047,0.0067,0.0152)(0.0000,0.0000,0.0000,1.0000)>
}
{
bt 0.0 2.5 0.0
bh 0.0 -0.0 0.0
loc 0.0000 0.0000 0.0000
rotq 0.6391 -0.2057 -0.0878 0.6674
sca 1.0000 1.0000 1.0000
<(-0.0027,-0.9039,-0.4278,-0.0000)(0.0061,0.4278,-0.9039,0.1736)(1.0000,-0.0050,0.0044,0.0152)(0.0000,0.0000,0.0000,1.0000)>
}
{
bt 0.0 2.5 0.0
bh 0.0 -0.0 0.0
loc 0.0000 0.0000 0.0000
rotq 0.6272 -0.3265 -0.2126 0.6744
sca 1.0000 1.0000 1.0000
<(-0.0000,-0.7071,-0.7071,-0.0000)(0.0000,0.7071,-0.7071,0.1736)(1.0000,-0.0000,0.0000,0.0152)(0.0000,0.0000,0.0000,1.0000)>
}
{
bt 0.0 2.5 0.0
bh 0.0 -0.0 0.0
loc 0.0000 0.0000 0.0000
rotq 0.5808 -0.4252 -0.3217 0.6435
sca 1.0000 1.0000 1.0000
<(0.0005,-0.4576,-0.8892,-0.0000)(-0.0062,0.8892,-0.4576,0.1736)(1.0000,0.0058,-0.0024,0.0152)(0.0000,0.0000,0.0000,1.0000)>
}
{
bt 0.0 2.5 0.0
bh 0.0 -0.0 0.0
loc 0.0000 0.0000 0.0000
rotq 0.4752 -0.5248 -0.4388 0.5564
sca 1.0000 1.0000 1.0000
<(-0.0009,-0.0680,-0.9977,-0.0000)(-0.0074,0.9977,-0.0680,0.1736)(1.0000,0.0074,-0.0014,0.0152)(0.0000,0.0000,0.0000,1.0000)>
}
{
bt 0.0 2.5 0.0
bh 0.0 -0.0 0.0
loc 0.0000 0.0000 0.0000
rotq 0.3460 -0.6079 -0.5415 0.4445
sca 1.0000 1.0000 1.0000
<(-0.0016,0.3579,-0.9338,-0.0000)(-0.0046,0.9338,0.3579,0.1736)(1.0000,0.0049,0.0002,0.0152)(0.0000,0.0000,0.0000,1.0000)>
}
{
bt 0.0 2.5 0.0
bh 0.0 -0.0 0.0
loc 0.0000 0.0000 0.0000
rotq 0.2473 -0.6587 -0.6066 0.3574
sca 1.0000 1.0000 1.0000
<(-0.0007,0.6281,-0.7781,-0.0000)(-0.0013,0.7781,0.6281,0.1736)(1.0000,0.0014,0.0003,0.0152)(0.0000,0.0000,0.0000,1.0000)>
}
{
bt 0.0 2.5 0.0
bh 0.0 -0.0 0.0
loc 0.0000 0.0000 0.0000
rotq 0.2126 -0.6744 -0.6272 0.3265
sca 1.0000 1.0000 1.0000
<(-0.0000,0.7071,-0.7071,-0.0000)(0.0000,0.7071,0.7071,0.1736)(1.0000,-0.0000,-0.0000,0.0152)(0.0000,0.0000,0.0000,1.0000)>
}
{
bt 0.0 2.5 0.0
bh 0.0 -0.0 0.0
loc 0.0000 0.0000 0.0000
rotq 0.2126 -0.6744 -0.6272 0.3265
sca 1.0000 1.0000 1.0000
<(-0.0000,0.7071,-0.7071,-0.0000)(0.0000,0.7071,0.7071,0.1736)(1.0000,-0.0000,-0.0000,0.0152)(0.0000,0.0000,0.0000,1.0000)>
}
{
bt 0.0 2.5 0.0
bh 0.0 -0.0 0.0
loc 0.0000 0.0000 0.0000
rotq 0.2126 -0.6744 -0.6272 0.3265
sca 1.0000 1.0000 1.0000
<(-0.0000,0.7071,-0.7071,-0.0000)(0.0000,0.7071,0.7071,0.1736)(1.0000,-0.0000,-0.0000,0.0152)(0.0000,0.0000,0.0000,1.0000)>
}
{
bt 0.0 2.5 0.0
bh 0.0 -0.0 0.0
loc 0.0000 0.0000 0.0000
rotq 0.2126 -0.6744 -0.6272 0.3265
sca 1.0000 1.0000 1.0000
<(-0.0000,0.7071,-0.7071,-0.0000)(0.0000,0.7071,0.7071,0.1736)(1.0000,-0.0000,-0.0000,0.0152)(0.0000,0.0000,0.0000,1.0000)>
}
{
bt 0.0 2.5 0.0
bh 0.0 -0.0 0.0
loc 0.0000 0.0000 0.0000
rotq 0.2126 -0.6744 -0.6272 0.3265
sca 1.0000 1.0000 1.0000
<(-0.0000,0.7071,-0.7071,-0.0000)(0.0000,0.7071,0.7071,0.1736)(1.0000,-0.0000,-0.0000,0.0152)(0.0000,0.0000,0.0000,1.0000)>
}
{
bt 0.0 2.5 0.0
bh 0.0 -0.0 0.0
loc 0.0000 0.0000 0.0000
rotq 0.2126 -0.6744 -0.6272 0.3265
sca 1.0000 1.0000 1.0000
<(-0.0000,0.7071,-0.7071,-0.0000)(0.0000,0.7071,0.7071,0.1736)(1.0000,-0.0000,-0.0000,0.0152)(0.0000,0.0000,0.0000,1.0000)>
}
{
bt 0.0 2.5 0.0
bh 0.0 -0.0 0.0
loc 0.0000 0.0000 0.0000
rotq 0.1770 -0.6741 -0.6298 0.2786
sca 1.0000 1.0000 1.0000
<(0.0119,0.7818,-0.6234,-0.0000)(-0.0148,0.6236,0.7816,0.1736)(0.9998,-0.0001,0.0190,0.0152)(0.0000,0.0000,0.0000,1.0000)>
}
{
bt 0.0 2.5 0.0
bh 0.0 -0.0 0.0
loc 0.0000 0.0000 0.0000
rotq 0.0712 -0.6716 -0.6378 0.1436
sca 1.0000 1.0000 1.0000
<(0.0324,0.9465,-0.3211,-0.0000)(-0.0586,0.3225,0.9448,0.1736)(0.9978,-0.0118,0.0659,0.0152)(0.0000,0.0000,0.0000,1.0000)>
}
{
bt 0.0 2.5 0.0
bh 0.0 -0.0 0.0
loc 0.0000 0.0000 0.0000
rotq -0.0791 -0.6637 -0.6499 -0.0297
sca 1.0000 1.0000 1.0000
<(0.0270,0.9862,0.1635,-0.0000)(-0.1014,-0.1600,0.9819,0.1736)(0.9945,-0.0431,0.0957,0.0152)(0.0000,0.0000,0.0000,1.0000)>
}
{
bt 0.0 2.5 0.0
bh 0.0 -0.0 0.0
loc 0.0000 0.0000 0.0000
rotq -0.2241 -0.6487 -0.6631 -0.1647
sca 1.0000 1.0000 1.0000
<(0.0046,0.8386,0.5448,-0.0000)(-0.0853,-0.5425,0.8357,0.1736)(0.9963,-0.0503,0.0690,0.0152)(0.0000,0.0000,0.0000,1.0000)>
}
{
bt 0.0 2.5 0.0
bh 0.0 -0.0 0.0
loc 0.0000 0.0000 0.0000
rotq -0.3265 -0.6272 -0.6744 -0.2126
sca 1.0000 1.0000 1.0000
<(-0.0000,0.7071,0.7071,-0.0000)(0.0000,-0.7071,0.7071,0.1736)(1.0000,0.0000,-0.0000,0.0152)(0.0000,0.0000,0.0000,1.0000)>
}
{
bt 0.0 2.5 0.0
bh 0.0 -0.0 0.0
loc 0.0000 0.0000 0.0000
rotq -0.3954 -0.5695 -0.6861 -0.1601
sca 1.0000 1.0000 1.0000
<(-0.0162,0.6702,0.7420,-0.0000)(0.2017,-0.7246,0.6590,0.1736)(0.9793,0.1603,-0.1235,0.0152)(0.0000,0.0000,0.0000,1.0000)>
}
{
bt 0.0 2.5 0.0
bh 0.0 -0.0 0.0
loc 0.0000 0.0000 0.0000
rotq -0.4484 -0.4524 -0.7005 -0.0122
sca 1.0000 1.0000 1.0000
<(-0.0950,0.6948,0.7129,-0.0000)(0.5530,-0.5586,0.6181,0.1736)(0.8277,0.4530,-0.3312,0.0152)(0.0000,0.0000,0.0000,1.0000)>
}
{
bt 0.0 2.5 0.0
bh 0.0 -0.0 0.0
loc 0.0000 0.0000 0.0000
rotq -0.4865 -0.3136 -0.7143 0.1778
sca 1.0000 1.0000 1.0000
<(-0.2359,0.7082,0.6654,-0.0000)(0.8513,-0.1796,0.4929,0.1736)(0.4686,0.6828,-0.5605,0.0152)(0.0000,0.0000,0.0000,1.0000)>
}
{
bt 0.0 2.5 0.0
bh 0.0 -0.0 0.0
loc 0.0000 0.0000 0.0000
rotq -0.5167 -0.2090 -0.7236 0.3257
sca 1.0000 1.0000 1.0000
<(-0.3392,0.6796,0.6504,-0.0000)(0.9320,0.1491,0.3302,0.1736)(0.1274,0.7182,-0.6840,0.0152)(0.0000,0.0000,0.0000,1.0000)>
}
{
bt 0.0 2.5 0.0
bh 0.0 -0.0 0.0
loc 0.0000 0.0000 0.0000
rotq -0.5470 -0.1725 -0.7266 0.3782
sca 1.0000 1.0000 1.0000
<(-0.3420,0.6645,0.6645,-0.0000)(0.9397,0.2418,0.2418,0.1736)(-0.0000,0.7071,-0.7071,0.0152)(0.0000,0.0000,0.0000,1.0000)>
}
{
bt 0.0 2.5 0.0
bh 0.0 -0.0 0.0
loc 0.0000 0.0000 0.0000
rotq -0.5789 -0.1999 -0.7133 0.3329
sca 1.0000 1.0000 1.0000
<(-0.2459,0.6742,0.6964,-0.0000)(0.9669,0.1201,0.2252,0.1736)(0.0682,0.7287,-0.6814,0.0152)(0.0000,0.0000,0.0000,1.0000)>
}
{
bt 0.0 2.5 0.0
bh 0.0 -0.0 0.0
loc 0.0000 0.0000 0.0000
rotq -0.6080 -0.2772 -0.6758 0.2052
sca 1.0000 1.0000 1.0000
<(-0.0553,0.6603,0.7490,-0.0000)(0.9516,-0.1922,0.2397,0.1736)(0.3022,0.7260,-0.6177,0.0152)(0.0000,0.0000,0.0000,1.0000)>
}
{
bt 0.0 2.5 0.0
bh 0.0 -0.0 0.0
loc 0.0000 0.0000 0.0000
rotq -0.6304 -0.3765 -0.6277 0.0412
sca 1.0000 1.0000 1.0000
<(0.1534,0.5611,0.8134,-0.0000)(0.7882,-0.5659,0.2417,0.1736)(0.5960,0.6041,-0.5291,0.0152)(0.0000,0.0000,0.0000,1.0000)>
}
{
bt 0.0 2.5 0.0
bh 0.0 -0.0 0.0
loc 0.0000 0.0000 0.0000
rotq -0.6430 -0.4538 -0.5902 -0.0865
sca 1.0000 1.0000 1.0000
<(0.2703,0.4351,0.8589,-0.0000)(0.5720,-0.7901,0.2203,0.1736)(0.7744,0.4317,-0.4624,0.0152)(0.0000,0.0000,0.0000,1.0000)>
}
bn Bone.001
{
bt 0.0 2.5 0.0
bh 0.0 -0.0 0.0
loc 0.0000 -0.0000 -0.0000
rotq 0.9428 0.0830 0.0000 0.0000
sca 1.0000 1.0000 1.0000
<(1.0000,-0.0000,0.0000,0.0000)(0.0000,-0.1748,-0.9846,0.0000)(0.0000,0.9846,-0.1748,1.0000)(0.0000,0.0000,0.0000,1.0000)>
}
{
bt 0.0 2.5 0.0
bh 0.0 -0.0 0.0
loc 0.0000 -0.0000 -0.0000
rotq 0.7819 0.3169 0.0000 0.0000
sca 1.0000 1.0000 1.0000
<(1.0000,-0.0000,0.0000,0.0000)(0.0000,-0.6963,-0.7178,0.0000)(0.0000,0.7178,-0.6963,1.0000)(0.0000,0.0000,0.0000,1.0000)>
}
{
bt 0.0 2.5 0.0
bh 0.0 -0.0 0.0
loc 0.0000 -0.0000 -0.0000
rotq 0.5752 0.6172 0.0000 0.0000
sca 1.0000 1.0000 1.0000
<(1.0000,0.0000,0.0000,0.0000)(0.0000,-0.9975,0.0704,0.0000)(0.0000,-0.0704,-0.9975,1.0000)(0.0000,0.0000,0.0000,1.0000)>
}
{
bt 0.0 2.5 0.0
bh 0.0 -0.0 0.0
loc 0.0000 -0.0000 -0.0000
rotq 0.4142 0.8511 0.0000 0.0000
sca 1.0000 1.0000 1.0000
<(1.0000,0.0000,0.0000,0.0000)(0.0000,-0.7869,0.6170,0.0000)(0.0000,-0.6170,-0.7869,1.0000)(0.0000,0.0000,0.0000,1.0000)>
}
{
bt 0.0 2.5 0.0
bh 0.0 -0.0 0.0
loc -0.0000 -0.0000 -0.0000
rotq 0.3570 0.9341 0.0000 -0.0000
sca 1.0000 1.0000 1.0000
<(1.0000,0.0000,-0.0000,0.0000)(0.0000,-0.6670,0.7451,0.0000)(0.0000,-0.7451,-0.6670,1.0000)(0.0000,0.0000,0.0000,1.0000)>
}
{
bt 0.0 2.5 0.0
bh 0.0 -0.0 0.0
loc -0.0000 -0.0000 -0.0000
rotq 0.3881 0.9139 0.0000 -0.0000
sca 1.0000 1.0000 1.0000
<(1.0000,0.0000,-0.0000,0.0000)(0.0000,-0.7196,0.6944,0.0000)(0.0000,-0.6944,-0.7196,1.0000)(0.0000,0.0000,0.0000,1.0000)>
}
{
bt 0.0 2.5 0.0
bh 0.0 -0.0 0.0
loc -0.0000 -0.0000 -0.0000
rotq 0.4758 0.8571 0.0000 -0.0000
sca 1.0000 1.0000 1.0000
<(1.0000,0.0000,-0.0000,0.0000)(0.0000,-0.8487,0.5289,0.0000)(0.0000,-0.5289,-0.8487,1.0000)(0.0000,0.0000,0.0000,1.0000)>
}
{
bt 0.0 2.5 0.0
bh 0.0 -0.0 0.0
loc -0.0000 -0.0000 -0.0000
rotq 0.5883 0.7841 0.0000 -0.0000
sca 1.0000 1.0000 1.0000
<(1.0000,0.0000,-0.0000,0.0000)(0.0000,-0.9601,0.2796,0.0000)(-0.0000,-0.2796,-0.9601,1.0000)(0.0000,0.0000,0.0000,1.0000)>
}
{
bt 0.0 2.5 0.0
bh 0.0 -0.0 0.0
loc -0.0000 -0.0000 -0.0000
rotq 0.6760 0.7273 0.0000 -0.0000
sca 1.0000 1.0000 1.0000
<(1.0000,0.0000,-0.0000,0.0000)(0.0000,-0.9973,0.0730,0.0000)(-0.0000,-0.0730,-0.9973,1.0000)(0.0000,0.0000,0.0000,1.0000)>
}
{
bt 0.0 2.5 0.0
bh 0.0 -0.0 0.0
loc -0.0000 -0.0000 -0.0000
rotq 0.7071 0.7071 0.0000 -0.0000
sca 1.0000 1.0000 1.0000
<(1.0000,0.0000,-0.0000,0.0000)(0.0000,-1.0000,-0.0000,0.0000)(-0.0000,-0.0000,-1.0000,1.0000)(0.0000,0.0000,0.0000,1.0000)>
}
{
bt 0.0 2.5 0.0
bh 0.0 -0.0 0.0
loc -0.0000 -0.0000 -0.0000
rotq 0.7071 0.7071 0.0000 -0.0000
sca 1.0000 1.0000 1.0000
<(1.0000,0.0000,-0.0000,-0.0000)(0.0000,-0.9977,0.0680,-0.0666)(-0.0000,-0.0680,-0.9977,0.9859)(0.0000,0.0000,0.0000,1.0000)>
}
{
bt 0.0 2.5 0.0
bh 0.0 -0.0 0.0
loc -0.0000 -0.0000 -0.0000
rotq 0.7071 0.7071 0.0000 -0.0000
sca 1.0000 1.0000 1.0000
<(1.0000,0.0000,-0.0000,-0.0000)(0.0000,-0.9664,0.2571,-0.2473)(0.0000,-0.2571,-0.9664,0.9223)(0.0000,0.0000,0.0000,1.0000)>
}
{
bt 0.0 2.5 0.0
bh 0.0 -0.0 0.0
loc -0.0000 -0.0000 -0.0000
rotq 0.7071 0.7071 0.0000 -0.0000
sca 1.0000 1.0000 1.0000
<(1.0000,0.0000,-0.0000,-0.0000)(0.0000,-0.8750,0.4842,-0.4551)(0.0000,-0.4842,-0.8750,0.7928)(0.0000,0.0000,0.0000,1.0000)>
}
{
bt 0.0 2.5 0.0
bh 0.0 -0.0 0.0
loc -0.0000 -0.0000 -0.0000
rotq 0.7071 0.7071 0.0000 -0.0000
sca 1.0000 1.0000 1.0000
<(1.0000,0.0000,-0.0000,-0.0000)(0.0000,-0.7650,0.6440,-0.5935)(0.0000,-0.6440,-0.7650,0.6567)(0.0000,0.0000,0.0000,1.0000)>
}
{
bt 0.0 2.5 0.0
bh 0.0 -0.0 0.0
loc -0.0000 -0.0000 -0.0000
rotq 0.7071 0.7071 0.0000 -0.0000
sca 1.0000 1.0000 1.0000
<(1.0000,0.0000,-0.0000,0.0000)(0.0000,-0.7071,0.7071,-0.6455)(0.0000,-0.7071,-0.7071,0.5888)(0.0000,0.0000,0.0000,1.0000)>
}
{
bt 0.0 2.5 0.0
bh 0.0 -0.0 0.0
loc -0.0000 -0.0000 -0.0000
rotq 0.7071 0.7071 0.0000 -0.0000
sca 1.0000 1.0000 1.0000
<(0.9913,0.0940,0.0921,-0.1735)(-0.0013,-0.6929,0.7210,-0.6568)(0.1316,-0.7149,-0.6867,0.5674)(0.0000,0.0000,0.0000,1.0000)>
}
{
bt 0.0 2.5 0.0
bh 0.0 -0.0 0.0
loc -0.0000 -0.0000 -0.0000
rotq 0.7071 0.7071 0.0000 -0.0000
sca 1.0000 1.0000 1.0000
<(0.8597,0.3658,0.3565,-0.6659)(-0.0066,-0.6899,0.7238,-0.6590)(0.5107,-0.6247,-0.5907,0.4885)(0.0000,0.0000,0.0000,1.0000)>
}
{
bt 0.0 2.5 0.0
bh 0.0 -0.0 0.0
loc -0.0000 -0.0000 -0.0000
rotq 0.7071 0.7071 0.0000 -0.0000
sca 1.0000 1.0000 1.0000
<(0.4808,0.6257,0.6143,-1.2332)(-0.0080,-0.6974,0.7166,-0.6532)(0.8768,-0.3495,-0.3303,0.2798)(0.0000,0.0000,0.0000,1.0000)>
}
{
bt 0.0 2.5 0.0
bh 0.0 -0.0 0.0
loc -0.0000 -0.0000 -0.0000
rotq 0.7071 0.7071 0.0000 -0.0000
sca 1.0000 1.0000 1.0000
<(0.1216,0.7039,0.6998,-1.5830)(-0.0029,-0.7048,0.7094,-0.6474)(0.9926,-0.0883,-0.0836,0.0822)(0.0000,0.0000,0.0000,1.0000)>
}
{
bt 0.0 2.5 0.0
bh 0.0 -0.0 0.0
loc -0.0000 -0.0000 -0.0000
rotq 0.7071 0.7071 0.0000 -0.0000
sca 1.0000 1.0000 1.0000
<(-0.0000,0.7071,0.7071,-1.6888)(0.0000,-0.7071,0.7071,-0.6455)(1.0000,0.0000,-0.0000,0.0152)(0.0000,0.0000,0.0000,1.0000)>
}
{
bt 0.0 2.5 0.0
bh 0.0 -0.0 0.0
loc -0.0000 -0.0000 -0.0000
rotq 0.6887 0.6887 0.0629 -0.0000
sca 1.0000 1.0000 1.0000
<(-0.1285,0.7012,0.7012,-1.5897)(0.0000,-0.7071,0.7071,-0.6455)(0.9917,0.0909,0.0909,0.0152)(0.0000,0.0000,0.0000,1.0000)>
}
{
bt 0.0 2.5 0.0
bh 0.0 -0.0 0.0
loc -0.0000 -0.0000 -0.0000
rotq 0.6368 0.6368 0.2399 -0.0000
sca 1.0000 1.0000 1.0000
<(-0.4974,0.6134,0.6134,-1.3105)(0.0000,-0.7071,0.7071,-0.6455)(0.8675,0.3517,0.3517,0.0152)(0.0000,0.0000,0.0000,1.0000)>
}
{
bt 0.0 2.5 0.0
bh 0.0 -0.0 0.0
loc -0.0000 -0.0000 -0.0000
rotq 0.5703 0.5703 0.4672 -0.0000
sca 1.0000 1.0000 1.0000
<(-0.8675,0.3517,0.3517,-0.9519)(0.0000,-0.7071,0.7071,-0.6455)(0.4974,0.6134,0.6134,0.0152)(0.0000,0.0000,0.0000,1.0000)>
}
{
bt 0.0 2.5 0.0
bh 0.0 -0.0 0.0
loc -0.0000 -0.0000 -0.0000
rotq 0.5184 0.5184 0.6443 -0.0000
sca 1.0000 1.0000 1.0000
<(-0.9917,0.0909,0.0909,-0.6727)(0.0000,-0.7071,0.7071,-0.6455)(0.1285,0.7012,0.7012,0.0152)(0.0000,0.0000,0.0000,1.0000)>
}
{
bt 0.0 2.5 0.0
bh 0.0 -0.0 0.0
loc -0.0000 -0.0000 -0.0000
rotq 0.5000 0.5000 0.7071 -0.0000
sca 1.0000 1.0000 1.0000
<(-1.0000,-0.0000,-0.0000,-0.5736)(-0.0000,-0.7071,0.7071,-0.6455)(-0.0000,0.7071,0.7071,0.0152)(0.0000,0.0000,0.0000,1.0000)>
}
{
bt 0.0 2.5 0.0
bh 0.0 -0.0 0.0
loc -0.0000 -0.0000 -0.0000
rotq 0.5000 0.5000 0.7071 -0.0000
sca 1.0000 1.0000 1.0000
<(-0.9950,-0.0715,0.0697,-0.6525)(0.0998,-0.7031,0.7041,-0.5842)(-0.0013,0.7075,0.7067,0.0149)(0.0000,0.0000,0.0000,1.0000)>
}
{
bt 0.0 2.5 0.0
bh 0.0 -0.0 0.0
loc -0.0000 -0.0000 -0.0000
rotq 0.5000 0.5000 0.7071 -0.0000
sca 1.0000 1.0000 1.0000
<(-0.9134,-0.2908,0.2850,-0.8574)(0.4071,-0.6436,0.6481,-0.3410)(-0.0050,0.7080,0.7062,0.0134)(0.0000,0.0000,0.0000,1.0000)>
}
{
bt 0.0 2.5 0.0
bh 0.0 -0.0 0.0
loc -0.0000 -0.0000 -0.0000
rotq 0.5000 0.5000 0.7071 -0.0000
sca 1.0000 1.0000 1.0000
<(-0.6108,-0.5634,0.5563,-0.9989)(0.7917,-0.4274,0.4365,0.1274)(-0.0082,0.7071,0.7071,0.0105)(0.0000,0.0000,0.0000,1.0000)>
}
{
bt 0.0 2.5 0.0
bh 0.0 -0.0 0.0
loc -0.0000 -0.0000 -0.0000
rotq 0.5000 0.5000 0.7071 -0.0000
sca 1.0000 1.0000 1.0000
<(-0.1680,-0.6990,0.6952,-0.9039)(0.9858,-0.1145,0.1231,0.6014)(-0.0065,0.7059,0.7082,0.0102)(0.0000,0.0000,0.0000,1.0000)>
}
{
bt 0.0 2.5 0.0
bh 0.0 -0.0 0.0
loc -0.0000 -0.0000 -0.0000
rotq 0.5000 0.5000 0.7071 -0.0000
sca 1.0000 1.0000 1.0000
<(0.1736,-0.6964,0.6964,-0.7071)(0.9848,0.1228,-0.1228,0.8808)(-0.0000,0.7071,0.7071,0.0152)(0.0000,0.0000,0.0000,1.0000)>
}
{
bt 0.0 2.5 0.0
bh 0.0 -0.0 0.0
loc -0.0000 -0.0000 -0.0000
rotq 0.5000 0.5000 0.7071 -0.0000
sca 1.0000 1.0000 1.0000
<(0.4659,-0.6253,0.6261,-0.4576)(0.8848,0.3251,-0.3338,1.0628)(0.0052,0.7095,0.7047,0.0210)(0.0000,0.0000,0.0000,1.0000)>
}
{
bt 0.0 2.5 0.0
bh 0.0 -0.0 0.0
loc -0.0000 -0.0000 -0.0000
rotq 0.5000 0.5000 0.7071 -0.0000
sca 1.0000 1.0000 1.0000
<(0.7782,-0.4447,0.4434,-0.0680)(0.6279,0.5450,-0.5555,1.1713)(0.0053,0.7108,0.7034,0.0226)(0.0000,0.0000,0.0000,1.0000)>
}
{
bt 0.0 2.5 0.0
bh 0.0 -0.0 0.0
loc -0.0000 -0.0000 -0.0000
rotq 0.5000 0.5000 0.7071 -0.0000
sca 1.0000 1.0000 1.0000
<(0.9702,-0.1726,0.1703,0.3579)(0.2424,0.6828,-0.6893,1.1074)(0.0027,0.7100,0.7042,0.0201)(0.0000,0.0000,0.0000,1.0000)>
}
{
bt 0.0 2.5 0.0
bh 0.0 -0.0 0.0
loc -0.0000 -0.0000 -0.0000
rotq 0.5000 0.5000 0.7071 -0.0000
sca 1.0000 1.0000 1.0000
<(0.9977,0.0478,-0.0487,0.6281)(-0.0682,0.7046,-0.7064,0.9517)(0.0006,0.7080,0.7062,0.0166)(0.0000,0.0000,0.0000,1.0000)>
}
{
bt 0.0 2.5 0.0
bh 0.0 -0.0 0.0
loc -0.0000 -0.0000 -0.0000
rotq 0.5000 0.5000 0.7071 -0.0000
sca 1.0000 1.0000 1.0000
<(0.9848,0.1228,-0.1228,0.7071)(-0.1736,0.6964,-0.6964,0.8808)(-0.0000,0.7071,0.7071,0.0152)(0.0000,0.0000,0.0000,1.0000)>
}
{
bt 0.0 2.5 0.0
bh 0.0 -0.0 0.0
loc -0.0000 -0.0000 -0.0000
rotq 0.4615 0.4506 0.7325 0.0077
sca 1.0000 1.0000 1.0000
<(0.9766,0.2127,-0.0309,0.7071)(-0.1736,0.6964,-0.6964,0.8808)(-0.1266,0.6855,0.7170,0.0152)(0.0000,0.0000,0.0000,1.0000)>
}
{
bt 0.0 2.5 0.0
bh 0.0 -0.0 0.0
loc -0.0000 -0.0000 -0.0000
rotq 0.3530 0.3114 0.8039 0.0295
sca 1.0000 1.0000 1.0000
<(0.8543,0.4583,0.2452,0.7071)(-0.1736,0.6964,-0.6964,0.8808)(-0.4899,0.5523,0.6745,0.0152)(0.0000,0.0000,0.0000,1.0000)>
}
{
bt 0.0 2.5 0.0
bh 0.0 -0.0 0.0
loc -0.0000 -0.0000 -0.0000
rotq 0.2137 0.1326 0.8956 0.0574
sca 1.0000 1.0000 1.0000
<(0.4899,0.6745,0.5523,0.7071)(-0.1736,0.6964,-0.6964,0.8808)(-0.8543,0.2452,0.4583,0.0152)(0.0000,0.0000,0.0000,1.0000)>
}
{
bt 0.0 2.5 0.0
bh 0.0 -0.0 0.0
loc -0.0000 -0.0000 -0.0000
rotq 0.1053 -0.0066 0.9670 0.0791
sca 1.0000 1.0000 1.0000
<(0.1266,0.7170,0.6855,0.7071)(-0.1736,0.6964,-0.6964,0.8808)(-0.9766,-0.0309,0.2127,0.0152)(0.0000,0.0000,0.0000,1.0000)>
}
{
bt 0.0 2.5 0.0
bh 0.0 -0.0 0.0
loc -0.0000 -0.0000 -0.0000
rotq 0.0668 -0.0560 0.9924 0.0868
sca 1.0000 1.0000 1.0000
<(0.0000,0.7071,0.7071,0.7071)(-0.1736,0.6964,-0.6964,0.8808)(-0.9848,-0.1228,0.1228,0.0152)(0.0000,0.0000,0.0000,1.0000)>
}
{
bt 0.0 2.5 0.0
bh 0.0 -0.0 0.0
loc -0.0000 -0.0000 -0.0000
rotq 0.0668 -0.0560 0.9924 0.0868
sca 1.1372 1.0037 1.0037
<(-0.0355,0.7820,0.6284,0.7818)(-0.1796,0.6170,-0.7756,0.7972)(-1.1223,-0.1235,0.1043,0.0151)(0.0000,0.0000,0.0000,1.0000)>
}
{
bt 0.0 2.5 0.0
bh 0.0 -0.0 0.0
loc -0.0000 -0.0000 -0.0000
rotq 0.0668 -0.0560 0.9924 0.0868
sca 1.5236 1.0141 1.0141
<(-0.1657,0.9510,0.3344,0.9465)(-0.1492,0.3246,-0.9556,0.4961)(-1.5072,-0.1367,0.0578,0.0034)(0.0000,0.0000,0.0000,1.0000)>
}
{
bt 0.0 2.5 0.0
bh 0.0 -0.0 0.0
loc -0.0000 -0.0000 -0.0000
rotq 0.0668 -0.0560 0.9924 0.0868
sca 2.0197 1.0275 1.0275
<(-0.3388,1.0009,-0.1556,0.9862)(-0.0021,-0.1580,-1.0153,0.0136)(-1.9911,-0.1702,0.0275,-0.0279)(0.0000,0.0000,0.0000,1.0000)>
}
{
bt 0.0 2.5 0.0
bh 0.0 -0.0 0.0
loc -0.0000 -0.0000 -0.0000
rotq 0.0668 -0.0560 0.9924 0.0868
sca 2.4061 1.0379 1.0379
<(-0.4196,0.8589,-0.5539,0.8386)(0.1154,-0.5545,-0.8760,-0.3688)(-2.3665,-0.1793,0.0555,-0.0351)(0.0000,0.0000,0.0000,1.0000)>
}
{
bt 0.0 2.5 0.0
bh 0.0 -0.0 0.0
loc -0.0000 -0.0000 -0.0000
rotq 0.0668 -0.0560 0.9924 0.0868
sca 2.5433 1.0416 1.0416
<(-0.4416,0.7254,-0.7254,0.7071)(-0.0000,-0.7366,-0.7365,-0.5335)(-2.5047,-0.1279,0.1279,0.0152)(0.0000,0.0000,0.0000,1.0000)>
}
{
bt 0.0 2.5 0.0
bh 0.0 -0.0 0.0
loc -0.0000 -0.0000 -0.0000
rotq 0.0944 -0.0358 0.9892 0.0865
sca 2.5433 1.0416 1.0416
<(-0.4509,0.6906,-0.7576,0.6702)(-0.6453,-0.7758,-0.6428,-0.5510)(-2.4184,0.0782,0.3128,0.1755)(0.0000,0.0000,0.0000,1.0000)>
}
{
bt 0.0 2.5 0.0
bh 0.0 -0.0 0.0
loc -0.0000 -0.0000 -0.0000
rotq 0.1724 0.0276 0.9764 0.0835
sca 2.5433 1.0416 1.0416
<(-0.3553,0.7215,-0.7371,0.6948)(-1.8956,-0.5667,-0.4014,-0.3850)(-1.6580,0.4933,0.6169,0.4682)(0.0000,0.0000,0.0000,1.0000)>
}
{
bt 0.0 2.5 0.0
bh 0.0 -0.0 0.0
loc -0.0000 -0.0000 -0.0000
rotq 0.2724 0.1258 0.9504 0.0744
sca 2.5433 1.0416 1.0416
<(-0.0830,0.7017,-0.7690,0.7082)(-2.5390,0.0140,0.0587,-0.0059)(0.1219,0.7697,0.7001,0.6980)(0.0000,0.0000,0.0000,1.0000)>
}
{
bt 0.0 2.5 0.0
bh 0.0 -0.0 0.0
loc -0.0000 -0.0000 -0.0000
rotq 0.3503 0.2349 0.9113 0.0569
sca 2.5433 1.0416 1.0416
<(0.0471,0.5865,-0.8606,0.6796)(-1.9715,0.5521,0.3582,0.3228)(1.6061,0.6605,0.4649,0.7334)(0.0000,0.0000,0.0000,1.0000)>
}
{
bt 0.0 2.5 0.0
bh 0.0 -0.0 0.0
loc -0.0000 -0.0000 -0.0000
rotq 0.3780 0.3330 0.8632 0.0318
sca 2.5433 1.0416 1.0416
<(0.0133,0.4853,-0.9217,0.6645)(-1.3279,0.7874,0.4114,0.4155)(2.1691,0.4790,0.2575,0.7223)(0.0000,0.0000,0.0000,1.0000)>
}
{
bt 0.0 2.5 0.0
bh 0.0 -0.0 0.0
loc -0.0000 -0.0000 -0.0000
rotq 0.3477 0.4409 0.7928 -0.0158
sca 2.5433 1.0416 1.0416
<(-0.0083,0.3892,-0.9662,0.6742)(-1.0395,0.8813,0.3565,0.2937)(2.3212,0.3960,0.1562,0.7439)(0.0000,0.0000,0.0000,1.0000)>
}
{
bt 0.0 2.5 0.0
bh 0.0 -0.0 0.0
loc -0.0000 -0.0000 -0.0000
rotq 0.2623 0.5772 0.6907 -0.0965
sca 2.5433 1.0416 1.0416
<(-0.0309,0.2385,-1.0139,0.6603)(-0.9985,0.9314,0.2242,-0.0186)(2.3389,0.4008,0.0823,0.7412)(0.0000,0.0000,0.0000,1.0000)>
}
{
bt 0.0 2.5 0.0
bh 0.0 -0.0 0.0
loc -0.0000 -0.0000 -0.0000
rotq 0.1528 0.7102 0.5836 -0.1869
sca 2.5433 1.0416 1.0416
<(-0.1627,0.0724,-1.0370,0.5611)(-1.1395,0.9264,0.0947,-0.3923)(2.2679,0.4707,-0.0268,0.6192)(0.0000,0.0000,0.0000,1.0000)>
}
{
bt 0.0 2.5 0.0
bh 0.0 -0.0 0.0
loc -0.0000 -0.0000 -0.0000
rotq 0.0674 0.8007 0.5078 -0.2530
sca 2.5433 1.0416 1.0416
<(-0.3451,-0.0344,-1.0314,0.4351)(-1.2843,0.8981,0.0421,-0.6165)(2.1679,0.5266,-0.1392,0.4469)(0.0000,0.0000,0.0000,1.0000)>
}
