bn Bone
<(1.0,-0.0,0.0,-0.0)(-0.0,-0.9848,-0.1736,0.1736)(-0.0,-0.1736,0.9848,0.0152)(0.0,0.0,0.0,1.0)>
<(1.0,-0.0,0.0,-0.0)(-0.0,-0.9848,-0.1736,0.1736)(-0.0,-0.1736,0.9848,0.0152)(0.0,0.0,0.0,1.0)>
<(1.0,-0.0,0.0,-0.0)(-0.0,-0.9848,-0.1736,0.1736)(-0.0,-0.1736,0.9848,0.0152)(0.0,0.0,0.0,1.0)>
<(1.0,-0.0,0.0,-0.0)(-0.0,-0.9848,-0.1736,0.1736)(-0.0,-0.1736,0.9848,0.0152)(0.0,0.0,0.0,1.0)>
bn Bone.001
<(1.0,0.0,-0.0,0.0)(0.0,-0.9846,-0.1748,0.0)(0.0,-0.1748,0.9846,1.0)(0.0,0.0,0.0,1.0)>
<(1.0,0.0,-0.0,0.0)(0.0,-0.7178,-0.6963,0.0)(0.0,-0.6963,0.7178,1.0)(0.0,0.0,0.0,1.0)>
<(1.0,0.0,0.0,0.0)(0.0,0.0704,-0.9975,0.0)(0.0,-0.9975,-0.0704,1.0)(0.0,0.0,0.0,1.0)>
<(1.0,0.0,0.0,0.0)(0.0,0.617,-0.7869,0.0)(0.0,-0.7869,-0.617,1.0)(0.0,0.0,0.0,1.0)>
